shortest path matrix for graph having 6 vertices:

     0	     7	    15	     5	     5	     9	
999999	     0	     8	    11	    19	    16	
999999	     5	     0	     3	    11	     8	
999999	     2	    10	     0	     8	    18	
999999	     9	    17	     7	     0	    25	
999999	    18	    26	    16	     9	     0	

shortest path matrix for graph having 10 vertices:

     0	999999	     9	999999	999999	999999	999999	999999	999999	999999	
    15	     0	     4	     9	    11	999999	    12	999999	    18	999999	
999999	999999	     0	999999	999999	999999	999999	999999	999999	999999	
     6	    10	    14	     0	     2	999999	     3	999999	     9	999999	
     4	    19	    13	     9	     0	999999	     1	999999	     7	999999	
     8	    23	    17	    13	     4	     0	     5	999999	    11	999999	
     3	    18	    12	     8	    10	999999	     0	999999	    17	999999	
     7	    22	    16	    12	     3	999999	     4	     0	    10	999999	
     9	    24	    18	    14	    10	999999	     6	999999	     0	999999	
    11	    15	    19	     5	     7	999999	     8	999999	    14	     0	

shortest path matrix for graph having 15 vertices:

     0	    24	    17	     9	     2	     5	    10	999999	     8	     8	     4	     3	     6	     7	     4	
     2	     0	    13	     9	     4	     7	    12	999999	    10	     4	     6	     5	     8	     9	     6	
     9	     7	     0	     4	    11	     2	     6	999999	     4	    11	     6	    12	     7	    12	    12	
999999	999999	999999	     0	    18	999999	999999	999999	999999	999999	     2	999999	     3	     8	999999	
999999	999999	999999	     9	     0	999999	999999	999999	999999	999999	    11	999999	    12	    17	999999	
999999	999999	999999	    19	    13	     0	999999	999999	999999	999999	    10	999999	    12	    15	    10	
     8	    32	    25	    16	     7	     8	     0	999999	    16	    16	    12	    11	    14	    15	    12	
999999	999999	999999	    20	    14	     1	999999	     0	999999	999999	    11	999999	     8	    16	    11	
    10	    34	    27	    15	     9	    10	     2	999999	     0	    18	    14	     9	    16	    13	    10	
    18	    16	     9	     5	    20	    11	    15	999999	    13	     0	     7	    21	     8	    13	    21	
999999	999999	999999	     9	    27	999999	999999	999999	999999	999999	     0	999999	     2	    17	999999	
999999	999999	999999	     6	     4	     2	999999	999999	999999	999999	     8	     0	     9	     4	     1	
999999	999999	999999	999999	999999	999999	999999	999999	999999	999999	999999	999999	     0	999999	999999	
999999	999999	999999	    19	    10	999999	999999	999999	999999	999999	    21	999999	    22	     0	999999	
999999	999999	999999	    12	     3	999999	999999	999999	999999	999999	    14	999999	    15	     5	     0	

