3
6
12
5 4 
4 5 
4 0 
0 4 
2 5 
5 1 
3 1 
5 1 
2 3 
0 3 
0 2 
3 4 
10
53
1 6 
8 5 
7 6 
1 8 
9 2 
7 9 
5 4 
3 1 
2 3 
3 4 
1 1 
3 8 
7 4 
2 7 
7 9 
3 1 
9 8 
6 5 
0 2 
8 6 
0 2 
4 8 
6 5 
0 9 
0 0 
6 1 
3 8 
9 3 
4 4 
6 0 
6 6 
1 8 
4 9 
6 3 
7 8 
8 2 
9 1 
3 5 
9 8 
4 0 
7 6 
3 6 
1 5 
4 2 
0 9 
7 3 
7 2 
6 0 
1 6 
5 7 
5 4 
1 2 
0 0 
15
142
4 1 
10 12 
11 7 
12 7 
2 3 
3 5 
14 4 
8 11 
3 2 
1 11 
10 3 
8 0 
11 12 
5 10 
14 9 
2 8 
3 10 
6 2 
5 1 
11 14 
10 6 
6 3 
9 3 
4 1 
9 8 
4 3 
8 0 
8 7 
2 8 
13 3 
13 2 
6 0 
2 13 
4 14 
11 5 
6 5 
14 4 
11 13 
3 14 
13 9 
14 4 
2 0 
10 3 
3 13 
12 4 
8 8 
0 3 
3 0 
11 8 
11 14 
8 4 
7 12 
12 13 
7 8 
14 10 
2 8 
11 0 
13 1 
6 2 
9 2 
0 3 
11 7 
11 5 
8 4 
12 9 
6 11 
3 2 
6 1 
14 2 
6 7 
14 5 
2 5 
5 3 
4 11 
3 6 
9 0 
13 7 
10 2 
10 13 
1 12 
12 7 
2 14 
9 11 
14 11 
9 13 
12 5 
10 14 
4 1 
2 10 
0 13 
3 14 
3 4 
1 7 
4 4 
7 6 
4 13 
5 12 
1 11 
10 8 
7 5 
9 9 
1 11 
1 11 
8 8 
10 0 
13 12 
8 2 
5 8 
6 1 
13 6 
7 1 
4 6 
2 4 
1 0 
5 13 
11 14 
14 12 
9 3 
14 9 
5 5 
9 1 
3 4 
2 8 
8 7 
5 3 
11 2 
10 2 
4 14 
9 9 
14 12 
14 13 
5 2 
7 3 
2 13 
5 8 
13 2 
5 12 
5 8 
7 2 
4 2 
0 13 
4 13 
